lr: 0.001 | epochs for training: 50 | epoch start to decay: 30 | updated noise rate: 0.08 
0: 38.719969969969966 39.38626126126126 38.806775525525524 38.62 34.12 37.9
1: 47.123686186186184 47.074418168168165 46.558277027027025 44.66 44.08 44.58
2: 51.750187687687685 51.70561186186186 51.663382132132135 50.26 47.42 48.1
3: 55.316253753753756 55.163757507507505 54.835304054054056 52.16 44.48 39.04
4: 58.814283033033036 59.24127252252252 58.75093843843844 53.36 55.52 53.76
5: 60.773273273273276 61.763325825825824 61.028997747747745 54.4 58.0 57.42
6: 64.33464714714715 65.26135510510511 64.28537912912913 58.46 55.24 58.3
7: 66.39217342342343 66.23733108108108 65.60623123123123 60.84 61.22 60.32
8: 68.63738738738739 69.15118243243244 68.05320945945945 62.04 60.58 58.16
9: 69.85735735735736 70.67145270270271 69.21452702702703 63.88 63.68 63.54
10: 73.14423798798799 73.30846471471472 72.60698198198199 64.42 64.78 63.34
11: 75.08211336336336 75.22757132132132 74.40174549549549 65.4 65.68 66.76
12: 76.36542792792793 77.43290165165165 76.41938813813813 66.8 67.5 66.84
13: 78.63879504504504 79.31447072072072 78.02177177177177 67.1 67.56 66.92
14: 79.42473723723724 80.25290915915916 78.84055930930931 66.48 67.7 65.72
15: 80.72916666666667 81.42361111111111 80.82301051051051 66.16 68.0 66.28
16: 82.02186561561561 82.41600975975976 81.78490990990991 66.06 68.64 68.74
17: 82.95795795795796 83.78612987987988 83.08464714714715 68.74 69.1 68.56
18: 85.51989489489489 85.90465465465465 84.82075825825825 68.38 67.14 68.18
19: 85.7568506006006 85.37912912912913 85.43778153153153 68.3 68.88 66.68
20: 86.94162912912913 87.6759572072072 86.63429054054055 68.74 69.1 67.44
21: 87.84487612612612 88.57451201201201 87.87772147147147 68.44 69.8 69.28
22: 89.08361486486487 89.26426426426427 88.67304804804805 68.58 69.48 69.5
23: 88.76219969969969 90.11120495495496 89.75929054054055 69.22 69.6 69.68
24: 89.61852477477477 90.34581456456456 89.4871433933934 68.98 70.2 70.08
25: 90.66957582582583 91.81916291291292 90.26604729729729 69.26 69.78 68.98
26: 89.92351726726727 90.26604729729729 89.86486486486487 69.62 69.54 69.22
27: 91.41563438438439 91.40625 91.21387012012012 70.22 69.62 70.12
28: 91.79335585585585 90.84787912912913 91.39686561561561 70.14 69.56 70.64
29: 92.23207582582583 91.39451951951952 92.66844969969969 69.7 70.06 70.54
30: 93.23620495495496 93.55058183183183 93.35116366366367 44.98 26.96 38.14
31: 91.91535285285285 91.50713213213213 91.44847972972973 58.84 48.42 58.7
32: 93.86261261261261 93.63738738738739 93.52008258258259 61.6 61.64 57.96
33: 93.79692192192192 93.83915165165165 93.9306493993994 58.48 68.68 58.3
34: 93.71246246246247 95.02627627627628 94.01276276276276 67.14 69.24 64.9
35: 94.86908783783784 95.14123498498499 94.52890390390391 60.58 67.28 58.38
36: 94.7658596096096 95.21631006006007 94.3506006006006 57.54 68.48 68.88
37: 94.72597597597597 95.39930555555556 95.35707582582583 63.42 69.78 50.3
38: 95.18346471471472 95.62922297297297 95.01219969969969 62.84 69.86 70.94
39: 95.17408033033033 95.84740990990991 95.79344969969969 70.08 70.42 71.08
40: 96.01867492492492 95.98582957957957 95.94829204204204 70.86 66.42 71.54
41: 96.16413288288288 95.95533033033033 96.29786036036036 70.14 69.86 64.48
42: 96.18055555555556 96.07967342342343 96.00929054054055 62.96 71.02 70.92
43: 95.84037162162163 96.31897522522523 96.34478228228228 70.62 67.7 69.72
44: 96.41985735735736 96.22513138138139 96.34712837837837 65.86 71.7 64.66
45: 96.33070570570571 96.51135510510511 96.17351726726727 66.46 71.04 68.94
46: 96.215746996997 96.59346846846847 96.3283596096096 71.2 70.28 70.78
47: 96.62396771771772 96.66385135135135 96.59816066066067 70.1 71.18 70.94
48: 96.45739489489489 96.74361861861861 96.47850975975976 71.28 70.92 71.48
49: 96.60285285285285 96.60989114114115 96.60519894894895 71.86 71.88 71.12
