lr: 0.001 | epochs for training: 50 | epoch start to decay: 30 | updated noise rate: 0.08 
0: 39.214996246246244 38.417323573573576 37.68 27.66
1: 45.136542792792795 43.35350975975976 28.1 32.18
2: 47.398179429429426 46.00694444444444 45.24 44.62
3: 51.48038663663664 49.873310810810814 43.86 45.62
4: 53.889827327327325 53.228228228228225 38.84 43.04
5: 57.179054054054056 55.91450825825826 53.88 50.24
6: 58.549174174174176 58.047109609609606 54.08 44.62
7: 60.930461711711715 59.06531531531532 56.16 56.16
8: 64.35810810810811 63.60501126126126 57.6 56.58
9: 64.12819069069069 63.600319069069066 58.88 59.04
10: 66.4015578078078 66.37105855855856 54.76 61.7
11: 67.9734421921922 68.00394144144144 62.58 61.64
12: 68.98226351351352 68.68900150150151 63.06 62.4
13: 71.9289602102102 71.65681306306307 62.54 61.86
14: 73.0128566066066 73.58295795795796 62.36 64.5
15: 74.54720345345345 73.16535285285285 64.78 65.8
16: 75.4832957957958 75.64752252252252 66.24 66.5
17: 78.01238738738739 76.86280030030031 65.54 66.1
18: 79.46931306306307 78.94144144144144 66.66 66.92
19: 80.99662162162163 80.44763513513513 68.28 67.52
20: 81.84825450450451 81.77787162162163 67.92 67.14
21: 83.92220345345345 82.54739114114115 67.52 67.76
22: 83.6524024024024 84.57207207207207 66.02 67.52
23: 83.55152027027027 84.84656531531532 67.62 66.68
24: 82.04532657657657 82.71631006006007 67.7 67.42
25: 86.77974849849849 86.34806681681681 70.0 68.7
26: 87.7393018018018 85.41901276276276 68.74 68.54
27: 88.63551051051051 88.26717342342343 69.02 68.22
28: 88.68712462462463 88.97569444444444 69.18 68.32
29: 88.17567567567568 87.83079954954955 68.58 68.62
30: 91.24202327327328 90.76341966966967 47.56 32.86
31: 90.65080705705705 89.70063813813813 23.4 16.22
32: 87.16920045045045 86.82197822822823 62.56 48.22
33: 91.3429054054054 90.35285285285285 44.88 50.28
34: 90.8056493993994 91.44847972972973 40.0 43.42
35: 91.23967717717717 92.11007882882883 42.94 28.9
36: 91.64789789789789 91.36636636636636 63.16 63.1
37: 93.30658783783784 93.04851726726727 66.3 60.14
38: 93.9306493993994 93.21743618618619 59.42 59.54
39: 93.69838588588588 93.76173048048048 54.0 59.34
40: 92.7834084084084 93.54119744744744 61.18 63.56
41: 94.11833708708708 94.30367867867868 60.26 61.2
42: 94.05968468468468 94.4772897897898 64.74 66.64
43: 94.39283033033033 94.92539414414415 65.62 60.46
44: 94.75882132132132 94.59224849849849 67.02 66.0
45: 95.05912162162163 94.81747372372372 69.42 64.4
46: 95.2491554054054 94.92539414414415 68.16 69.96
47: 95.23742492492492 95.31953828828829 68.26 69.7
48: 95.16938813813813 95.24680930930931 70.02 70.68
49: 95.52834084084084 95.39930555555556 69.8 70.38
