lr: 0.001 | epochs for training: 50 | epoch start to decay: 30 | updated noise rate: 0.08 
0: 35.24416560102302 35.248161764705884 42.06 42.48
1: 43.05666560102302 43.37236253196931 47.56 47.22
2: 47.91000639386189 47.9539641943734 50.08 51.58
3: 51.560501918158565 51.718350383631716 55.46 54.52
4: 54.649536445012785 54.24992007672634 58.22 58.16
5: 57.536764705882355 57.30898337595908 60.14 57.82
6: 60.07233056265984 59.810581841432224 61.46 62.7
7: 62.16831841432225 62.16831841432225 63.16 64.02
8: 64.27229859335038 64.21235613810742 65.0 65.98
9: 66.14849744245524 66.02861253196932 64.58 64.22
10: 68.30242966751918 68.14058503836317 67.14 64.72
11: 69.83096227621483 70.09470907928389 67.34 67.2
12: 72.0788043478261 71.88299232736573 67.36 68.88
13: 74.1008631713555 73.67127557544757 67.62 68.12
14: 75.86516943734016 75.47354539641944 69.48 68.88
15: 77.43765984654732 77.53156969309462 68.16 68.34
16: 79.54363810741688 79.09606777493606 68.74 68.72
17: 80.9582800511509 80.70652173913044 69.96 70.7
18: 82.52477621483376 82.17710997442455 69.8 69.56
19: 83.90545076726343 83.64170396419438 70.02 69.6
20: 85.16424232736573 84.90249360613811 67.98 69.5
21: 86.2352141943734 85.75367647058823 69.74 70.08
22: 87.30418797953965 87.09239130434783 69.82 68.28
23: 88.23929028132993 87.82768542199489 69.58 69.6
24: 88.62092391304348 88.2932384910486 69.28 70.24
25: 89.19637148337596 89.23033887468031 69.06 69.28
26: 89.93965792838874 89.63395140664962 69.22 69.64
27: 90.46115728900256 90.18742007672634 70.0 70.22
28: 90.68893861892583 90.45316496163683 69.26 69.62
29: 91.14250319693095 90.90273337595907 69.54 69.28
30: 91.38027493606138 91.16847826086956 67.48 69.46
31: 91.62004475703324 91.76390664961637 68.18 69.54
32: 92.41528132992327 92.46323529411765 69.76 69.64
33: 93.03868286445012 92.68102621483376 69.88 69.64
34: 93.12260230179028 93.12659846547315 69.2 69.96
35: 93.29243925831202 93.35038363171356 69.86 70.52
36: 93.66408248081841 93.65209398976982 69.74 69.88
37: 93.82992327365729 93.82193094629156 70.44 69.76
38: 94.20156649616368 94.05171035805627 70.96 70.06
39: 94.38339194373401 94.3394341432225 70.64 70.14
40: 94.4633152173913 94.43734015345268 69.46 70.76
41: 94.5752078005115 94.50527493606138 70.84 69.96
42: 94.75303708439898 94.67311381074168 71.22 70.8
43: 94.84494884910485 94.80698529411765 70.46 71.2
44: 94.93885869565217 94.96683184143222 70.94 71.36
45: 95.07872442455243 95.01078964194373 71.74 70.88
46: 95.076726342711 95.076726342711 70.58 71.72
47: 95.16064578005115 95.17063618925832 70.96 71.52
48: 95.19860933503837 95.19661125319693 71.0 71.32
49: 95.24256713554988 95.22658248081841 71.28 71.74