lr: 0.001 | epochs for training: 50 | epoch start to decay: 30 | updated noise rate: 0.08 
0: 39.78256777108434 40.050828313253014 40.19672439759036 44.64 44.42 44.38
1: 50.47063253012048 50.40945030120482 50.729480421686745 49.66 49.08 48.36
2: 55.33226656626506 55.85466867469879 55.875847138554214 53.58 53.02 53.56
3: 59.49030496987952 59.83386671686747 60.299792921686745 56.22 58.16 58.2
4: 63.267131024096386 63.39184864457831 63.35184487951807 55.6 58.32 58.0
5: 66.4086031626506 66.19681852409639 66.28153237951807 60.72 60.82 60.8
6: 69.20180722891567 69.19710090361446 68.86530496987952 62.84 62.78 60.7
7: 71.32906626506023 71.43731174698796 71.42789909638554 63.92 62.56 64.06
8: 73.79047439759036 73.57868975903614 74.16933358433735 64.6 63.76 64.7
9: 76.15304969879519 76.01891942771084 75.9812688253012 65.48 65.16 65.32
10: 78.24501129518072 78.3132530120482 78.03322665662651 64.8 65.36 66.3
11: 80.22166792168674 79.94399472891567 80.13224774096386 66.46 65.7 66.42
12: 81.85005647590361 81.71121987951807 81.95594879518072 66.68 66.26 66.86
13: 83.47138554216868 83.45961972891567 83.9796686746988 67.52 66.3 67.06
14: 85.10918674698796 84.97976280120481 84.91387424698796 67.04 67.54 67.26
15: 86.37754141566265 85.89749623493977 86.45048945783132 65.98 67.84 67.3
16: 87.46470256024097 87.75178840361446 87.2058546686747 67.68 67.16 67.38
17: 88.72364457831326 88.61539909638554 88.55186370481928 66.72 67.0 67.6
18: 88.94013554216868 89.02955572289157 89.44371234939759 68.14 67.82 67.32
19: 90.07671310240964 90.18966490963855 90.34732680722891 67.1 67.74 67.34
20: 90.832078313253 90.78501506024097 90.8203125 67.16 67.66 68.12
21: 91.49331701807229 91.3074171686747 91.24623493975903 67.2 67.8 67.7
22: 91.6062688253012 91.72392695783132 91.80628765060241 67.28 68.7 67.76
23: 92.17102786144578 92.0863140060241 92.07925451807229 67.68 68.7 67.9
24: 92.44164156626506 92.71460843373494 92.60636295180723 68.42 67.74 67.8
25: 93.10288027108433 92.95933734939759 92.9616905120482 67.7 68.3 68.2
26: 93.41349774096386 93.25583584337349 93.2699548192771 67.5 68.3 67.46
27: 93.68646460843374 93.51703689759036 93.42291039156626 67.32 67.24 66.96
28: 93.61586972891567 93.80412274096386 93.50056475903614 67.28 67.72 67.28
29: 93.59469126506023 93.84177334337349 93.98766942771084 68.06 67.44 69.24
30: 94.3359375 93.88413027108433 94.2347515060241 65.38 67.5 67.18
31: 94.28652108433735 94.30769954819277 94.41829819277109 63.72 66.08 66.64
32: 94.86304593373494 94.90069653614458 95.0207078313253 64.5 66.46 63.48
33: 95.07247740963855 95.04188629518072 95.1195406626506 65.82 65.24 68.12
34: 95.23249246987952 95.25131777108433 95.66547439759036 67.42 68.2 68.66
35: 95.77607304216868 95.75960090361446 95.75724774096386 68.44 67.68 68.36
36: 95.7996046686747 95.8960843373494 95.77371987951807 68.2 68.44 66.08
37: 96.03256777108433 96.06551204819277 95.79489834337349 68.0 68.42 68.56
38: 96.1996423192771 96.21846762048193 96.0961031626506 68.42 69.08 68.58
39: 96.32200677710843 96.3831890060241 96.26082454819277 68.74 67.04 68.8
40: 96.50790662650603 96.39966114457832 96.3855421686747 68.84 68.42 68.02
41: 96.64439006024097 96.51261295180723 96.61615210843374 68.98 68.78 70.18
42: 96.72675075301204 96.61850527108433 96.74557605421687 69.54 68.14 69.82
43: 96.7808734939759 96.62321159638554 96.75263554216868 67.7 69.42 69.18
44: 96.875 96.75263554216868 96.81852409638554 68.3 68.82 69.16
45: 96.9738328313253 96.83970256024097 96.90559111445783 69.3 68.78 69.04
46: 96.94559487951807 96.95500753012048 96.91265060240964 69.22 69.78 69.2
47: 97.02560240963855 96.99030496987952 96.99736445783132 68.74 69.74 70.16
48: 96.95265436746988 96.9644201807229 97.00677710843374 69.02 69.56 69.4
49: 97.03972138554217 97.01148343373494 97.03736822289157 69.38 69.36 69.6
