lr: 0.001 | epochs for training: 50 | epoch start to decay: 30 | updated noise rate: 0.020055887658731564 
0: 45.810944570135746 45.85336538461539 45.26654411764706 51.2 54.52 53.87
1: 60.96578054298642 60.799632352941174 61.2733314479638 61.64 62.06 61.92
2: 68.90907805429865 68.22680995475113 68.62627262443439 68.19 68.29 69.19
3: 73.35619343891403 73.82635746606334 73.8935237556561 71.18 70.49 68.78
4: 76.32211538461539 76.38574660633485 76.76399886877829 72.96 72.78 72.32
5: 78.83554864253394 78.98402149321267 79.08300339366515 73.5 73.6 74.22
6: 80.73034502262443 80.5783371040724 80.84700226244344 76.24 76.79 76.4
7: 82.11962669683258 82.24688914027149 82.54029977375566 75.55 76.01 76.23
8: 83.2543834841629 83.32508484162896 83.57960972850678 76.84 77.24 76.56
9: 84.21238687782805 84.2654128959276 84.21238687782805 78.07 78.21 78.19
10: 85.36835407239819 84.84516402714932 85.35421380090497 78.96 79.03 79.02
11: 86.17434954751131 85.81377262443439 86.19202488687783 79.8 79.38 80.12
12: 86.57381221719457 86.89196832579185 86.98741515837104 79.15 79.62 79.63
13: 87.24194004524887 87.30203619909503 87.35859728506787 79.96 80.28 80.35
14: 87.77927036199095 88.01611990950227 87.86057692307692 80.72 81.07 80.72
15: 88.65243212669684 88.79736990950227 88.71606334841628 80.58 81.19 80.7
16: 89.09078054298642 88.97058823529412 89.01654411764706 81.62 81.19 81.36
17: 89.65285633484163 89.41954185520362 89.54680429864253 81.95 81.86 81.51
18: 89.94980203619909 90.1795814479638 90.00989819004525 81.29 81.33 82.02
19: 90.19018665158372 90.32098416289593 90.43057126696833 82.75 82.23 81.52
20: 90.81942873303167 90.69216628959276 90.55783371040724 82.4 81.71 82.42
21: 90.77700791855203 91.02092760180996 91.10223416289593 82.42 81.94 81.99
22: 91.44513574660634 91.47341628959276 91.34261877828054 82.04 83.03 82.46
23: 91.82338800904978 91.78803733031674 91.7314762443439 82.22 82.56 82.44
24: 91.98600113122171 91.90469457013575 92.10619343891403 82.56 81.69 82.9
25: 92.10619343891403 92.32183257918552 91.88348416289593 83.2 83.34 82.47
26: 92.42434954751131 92.6293834841629 92.5162613122172 83.01 83.39 82.79
27: 92.90158371040724 92.82027714932127 92.83088235294117 83.81 82.81 82.77
28: 92.99349547511312 93.11015271493213 92.81674208144797 82.9 83.37 83.66
29: 93.09954751131222 93.07480203619909 93.085407239819 83.13 83.67 83.34
30: 93.11368778280543 93.24448529411765 92.9616798642534 83.65 82.87 82.95
31: 93.62273755656109 93.85251696832579 93.53789592760181 83.1 83.58 83.78
32: 94.14946266968326 93.96563914027149 93.96563914027149 83.78 84.12 83.86
33: 94.18127828054298 94.43580316742081 94.26258484162896 84.04 84.1 83.94
34: 94.647907239819 94.92364253393666 94.47822398190046 84.09 84.36 84.5
35: 95.13574660633485 94.91303733031674 95.10746606334841 84.7 84.77 84.42
36: 95.22058823529412 95.46804298642535 95.46804298642535 84.63 84.47 84.36
37: 95.46450791855203 95.7720588235294 95.51046380090497 85.18 85.02 85.22
38: 95.69428733031674 95.96648755656109 95.86397058823529 85.0 85.18 85.01
39: 95.9841628959276 96.0972850678733 96.21747737556561 85.03 85.04 84.77
40: 96.23515271493213 96.25989819004525 96.34473981900453 84.89 85.44 85.15
41: 96.44725678733032 96.5356334841629 96.48614253393666 85.58 85.43 85.63
42: 96.7654128959276 96.78662330316742 96.67703619909503 85.45 85.53 85.78
43: 96.90681561085972 96.94923642533936 97.12245475113122 85.75 85.57 85.62
44: 97.11538461538461 97.12598981900453 97.25678733031674 85.75 85.65 85.77
45: 97.36283936651584 97.30981334841628 97.30627828054298 85.98 85.84 85.91
46: 97.47242647058823 97.49363687782805 97.38051470588235 85.94 85.91 86.13
47: 97.63503959276018 97.5466628959276 97.73048642533936 86.41 86.2 86.22
48: 97.68806561085972 97.81532805429865 97.7693721719457 86.21 86.0 86.3
49: 97.86481900452489 97.9850113122172 97.75169683257919 86.28 86.28 86.47
