lr: 0.001 | epochs for training: 50 | epoch start to decay: 30 | updated noise rate: 0.20324005891016206 
0: 46.09375 47.109375 45.87890625 43.02 41.79 41.81
1: 59.482421875 59.375 58.818359375 47.7 49.5 47.71
2: 65.458984375 64.873046875 64.3359375 51.54 50.3 48.88
3: 68.056640625 67.861328125 67.48046875 53.37 52.69 54.05
4: 69.736328125 69.51171875 69.443359375 54.5 54.3 55.47
5: 71.30859375 70.99609375 71.259765625 53.84 54.28 55.75
6: 72.392578125 72.08984375 72.32421875 56.21 56.27 55.47
7: 72.412109375 72.294921875 72.08984375 55.52 55.31 55.45
8: 73.0859375 73.720703125 73.6328125 55.77 55.97 55.69
9: 73.642578125 74.326171875 73.974609375 57.12 57.06 56.99
10: 74.140625 74.580078125 74.013671875 56.23 56.69 57.21
11: 74.921875 74.404296875 74.892578125 58.38 58.09 58.5
12: 75.244140625 75.068359375 74.814453125 57.95 57.91 59.21
13: 75.52734375 76.201171875 75.205078125 58.16 58.46 59.42
14: 76.357421875 76.064453125 77.001953125 59.8 60.17 58.16
15: 76.171875 76.474609375 75.908203125 59.17 58.8 58.24
16: 76.376953125 77.08984375 76.435546875 59.4 59.34 59.2
17: 76.328125 76.435546875 76.533203125 58.8 58.13 58.46
18: 76.806640625 77.109375 77.67578125 59.96 59.86 60.21
19: 77.734375 77.529296875 77.421875 59.49 59.6 59.34
20: 77.59765625 77.4609375 77.490234375 59.49 60.16 59.38
21: 78.0078125 78.095703125 77.67578125 59.46 60.17 59.73
22: 78.154296875 78.3984375 79.0625 60.22 59.36 59.52
23: 78.212890625 77.880859375 77.96875 60.03 59.13 59.82
24: 78.466796875 77.900390625 77.890625 59.16 60.67 61.15
25: 78.701171875 78.57421875 78.681640625 60.8 60.4 59.92
26: 79.21875 78.61328125 79.052734375 60.24 60.3 59.84
27: 78.96484375 78.818359375 78.896484375 59.09 60.28 59.22
28: 79.53125 78.994140625 79.4921875 59.88 60.86 60.91
29: 79.013671875 79.00390625 79.150390625 60.27 60.42 61.19
30: 79.4921875 79.16015625 79.19921875 58.91 54.68 60.04
31: 79.453125 79.951171875 79.560546875 57.3 60.35 58.61
32: 79.541015625 79.306640625 79.66796875 60.13 60.86 60.33
33: 79.90234375 80.107421875 80.05859375 58.93 59.91 60.64
34: 80.146484375 80.478515625 80.0390625 60.94 61.18 61.68
35: 80.76171875 81.220703125 81.5234375 61.78 61.12 61.51
36: 80.78125 80.966796875 80.859375 61.78 62.24 61.85
37: 81.11328125 81.201171875 81.298828125 61.44 61.27 61.58
38: 81.611328125 81.42578125 81.650390625 61.63 61.72 61.15
39: 81.689453125 81.50390625 81.533203125 62.05 62.39 62.69
40: 81.97265625 81.748046875 81.77734375 62.54 62.77 61.48
41: 81.81640625 81.97265625 82.236328125 62.05 61.5 62.45
42: 82.2265625 82.451171875 82.822265625 62.19 61.77 61.72
43: 82.392578125 82.32421875 82.51953125 62.36 62.92 63.58
44: 82.67578125 82.744140625 82.314453125 62.95 62.58 62.75
45: 83.134765625 83.193359375 82.8125 63.01 62.57 62.35
46: 83.017578125 83.3984375 83.154296875 62.81 63.01 63.09
47: 83.69140625 83.28125 83.30078125 62.98 63.33 63.11
48: 83.3203125 83.18359375 83.4765625 62.75 63.33 63.21
49: 83.486328125 83.76953125 83.53515625 62.77 63.12 63.13
