lr: 0.001 | epochs for training: 50 | epoch start to decay: 30 | updated noise rate: 0.35962000000000005 
0: 25.267742966751918 25.25775255754476 43.94 45.33
1: 32.4588395140665 33.10222186700767 52.27 52.8
2: 36.90257352941177 37.52997122762148 58.24 58.51
3: 39.48809143222506 39.87372122762148 61.59 63.07
4: 41.5860773657289 41.705962276214834 65.39 65.11
5: 43.02269820971867 43.13658887468031 67.68 66.04
6: 44.41735933503836 44.38738810741688 68.19 69.59
7: 45.54427749360614 45.853980179028135 72.39 71.56
8: 47.02685421994885 47.13475063938619 72.17 73.43
9: 48.103820332480815 48.15976662404092 75.88 74.35
10: 49.494485294117645 49.64234335038363 77.12 76.49
11: 50.63938618925831 50.6633631713555 78.42 78.17
12: 51.216831841432224 51.216831841432224 78.78 79.18
13: 51.88818734015345 52.01806265984655 80.16 79.01
14: 52.607496803069054 52.607496803069054 80.66 80.12
15: 53.021099744245525 52.933184143222505 81.13 80.93
16: 53.64450127877238 53.49664322250639 80.47 81.27
17: 54.01414641943734 53.93422314578005 81.6 82.64
18: 54.42774936061381 54.56162084398977 82.23 82.83
19: 54.64753836317136 54.83335997442455 83.01 83.02
20: 55.26294757033248 55.24496483375959 82.71 83.54
21: 55.48073849104859 55.45076726342711 83.3 83.38
22: 55.97626278772378 55.8963395140665 83.9 83.66
23: 56.323929028132994 56.13610933503836 83.72 83.87
24: 56.619645140664964 56.387867647058826 84.04 83.78
25: 56.87739769820972 56.97330562659847 84.45 84.67
26: 57.0372442455243 57.265025575447574 84.23 84.21
27: 57.37292199488491 57.34894501278772 84.47 84.81
28: 57.52477621483376 57.654651534526856 84.56 85.27
29: 57.934382992327365 57.73457480818414 84.76 84.85
30: 58.094229539641944 58.12819693094629 83.75 84.39
31: 58.38195332480819 58.507832480818415 83.8 84.36
32: 58.55378836317136 58.7116368286445 85.15 84.47
33: 59.17519181585678 59.18518222506394 84.88 85.01
34: 59.30306905370844 59.28109015345269 85.14 84.92
35: 59.62675831202046 59.70668158567775 85.52 85.76
36: 60.06034207161125 59.9264705882353 85.54 85.42
37: 60.19021739130435 60.20220588235294 86.11 87.06
38: 60.59382992327366 60.53588554987212 85.19 85.68
39: 60.82360933503836 60.799632352941174 86.23 86.49
40: 61.15728900255755 61.19325447570333 86.71 86.28
41: 61.265185421994886 61.407049232736576 86.24 86.37
42: 61.7127557544757 61.656809462915604 86.65 87.22
43: 62.02046035805627 61.84462915601023 86.62 86.91
44: 62.24024936061381 62.124360613810744 86.93 87.05
45: 62.41807864450128 62.36413043478261 86.59 86.96
46: 62.59390984654731 62.66384271099744 86.79 87.55
47: 62.64186381074169 62.655850383631716 86.97 87.6
48: 63.053468670076725 62.93158567774936 87.01 87.68
49: 63.12739769820972 62.94557225063939 87.22 87.49
