lr: 0.001 | epochs for training: 50 | epoch start to decay: 30 | updated noise rate: 0.2032090793464436 
0: 45.9375 45.224609375 42.63 41.07
1: 61.884765625 59.990234375 49.64 48.95
2: 67.55859375 66.15234375 50.92 51.9
3: 70.72265625 70.263671875 54.85 54.39
4: 72.001953125 71.259765625 55.74 54.71
5: 72.763671875 72.75390625 55.67 56.47
6: 74.921875 73.466796875 55.64 55.44
7: 75.60546875 75.634765625 56.68 56.66
8: 74.990234375 74.658203125 55.92 55.29
9: 76.1328125 74.921875 56.12 56.74
10: 76.09375 75.56640625 57.5 56.7
11: 75.80078125 76.5234375 57.34 57.87
12: 76.279296875 76.865234375 58.17 57.47
13: 77.734375 76.806640625 57.09 57.63
14: 77.333984375 77.158203125 58.04 58.19
15: 77.392578125 77.470703125 57.08 57.33
16: 77.0703125 77.587890625 58.89 59.06
17: 78.10546875 77.8515625 59.06 58.35
18: 78.984375 79.052734375 58.85 59.04
19: 78.6328125 78.1640625 57.94 58.47
20: 78.984375 79.140625 58.26 59.26
21: 78.564453125 78.984375 58.55 60.34
22: 78.7890625 79.6484375 60.21 59.8
23: 79.2578125 79.599609375 58.36 59.18
24: 80.205078125 80.634765625 59.48 59.79
25: 79.775390625 79.736328125 59.46 59.61
26: 80.17578125 79.677734375 60.06 59.92
27: 79.814453125 79.892578125 59.12 59.67
28: 80.234375 80.283203125 60.61 60.63
29: 80.361328125 80.21484375 59.83 58.62
30: 79.541015625 80.146484375 56.94 58.97
31: 80.44921875 80.41015625 60.98 59.3
32: 81.42578125 80.78125 60.21 59.75
33: 81.181640625 80.732421875 60.46 60.38
34: 81.26953125 81.5625 60.88 60.94
35: 81.5234375 81.58203125 60.25 60.99
36: 82.041015625 82.265625 60.36 61.38
37: 82.353515625 82.080078125 60.31 60.76
38: 82.001953125 82.32421875 61.96 61.44
39: 82.978515625 82.783203125 61.41 61.53
40: 83.26171875 83.33984375 60.92 61.31
41: 83.9453125 83.369140625 61.43 61.32
42: 83.0078125 83.291015625 60.74 62.02
43: 82.724609375 83.232421875 61.44 61.86
44: 83.798828125 83.916015625 61.98 62.35
45: 84.267578125 83.876953125 62.17 61.63
46: 84.169921875 84.39453125 62.28 62.07
47: 84.53125 84.482421875 62.73 62.25
48: 84.84375 84.8828125 62.79 62.39
49: 84.84375 84.765625 62.3 62.44
