lr: 0.001 | epochs for training: 50 | epoch start to decay: 30 | updated noise rate: 0.06043600817192063 
0: 48.57415429042904 49.149133663366335 42.36 43.33
1: 55.34240924092409 56.007632013201324 54.04 47.85
2: 58.854166666666664 57.005466171617165 52.94 54.02
3: 62.54125412541254 61.48153877887789 54.51 52.18
4: 57.962046204620464 57.838283828382835 57.34 52.09
5: 63.616439768976896 61.12572194719472 62.26 62.47
6: 69.25536303630363 67.55878712871286 58.33 58.52
7: 64.19915429042905 64.98813943894389 62.37 62.49
8: 65.97823844884489 65.8493193069307 59.12 63.1
9: 67.97648514851485 69.3559199669967 65.66 64.86
10: 68.80156765676567 69.27856848184818 66.86 66.83
11: 69.69368811881188 70.00309405940594 69.74 68.88
12: 74.11045792079207 72.74907178217822 66.72 67.73
13: 73.19255363036304 73.51227310231023 69.02 69.43
14: 75.95142326732673 74.91233498349835 72.78 71.91
15: 75.51309818481849 75.05414603960396 73.11 71.7
16: 75.53114686468646 75.18564356435644 73.19 71.44
17: 77.64799917491749 76.56765676567657 74.85 72.4
18: 77.22772277227723 76.05713696369637 73.93 74.15
19: 79.45802392739274 78.6509900990099 74.67 72.75
20: 75.56724422442244 75.30167079207921 75.4 73.82
21: 80.59251237623762 79.1924504950495 76.49 74.77
22: 81.25515676567657 79.07126650165017 74.48 75.56
23: 76.96988448844884 78.91140676567657 75.68 75.97
24: 80.5950907590759 78.32353547854785 75.6 73.22
25: 80.96637788778878 79.59983498349835 77.91 77.24
26: 82.02351485148515 81.82497937293729 78.41 78.24
27: 83.18120874587459 82.68100247524752 78.05 76.39
28: 81.24226485148515 79.14088283828383 76.7 77.19
29: 80.33467409240924 81.58776815181518 78.43 77.84
30: 84.51423267326733 84.39304867986799 38.64 33.12
31: 83.27918729372938 82.67068894389439 33.64 29.9
32: 81.55167079207921 81.5697194719472 69.89 67.21
33: 84.64315181518151 84.32343234323433 23.7 40.06
34: 81.51041666666667 83.28692244224422 62.06 62.97
35: 84.45235148514851 85.08147689768977 79.17 78.88
36: 85.98133250825083 86.65944719471948 66.85 62.55
37: 85.5223803630363 85.17687706270627 40.23 47.89
38: 84.29507013201321 85.66419141914191 58.09 67.48
39: 85.35736386138613 86.31910066006601 76.26 78.02
40: 86.85540429042905 87.44585396039604 70.95 75.2
41: 86.82704207920793 87.37881600660066 64.43 62.77
42: 86.40160891089108 86.60787953795379 73.32 80.56
43: 87.12613448844884 88.28898514851485 76.49 76.73
44: 87.54383250825083 88.39727722772277 77.33 75.94
45: 87.51031353135313 88.14975247524752 73.42 73.22
46: 87.04620462046205 88.02856848184818 80.62 81.59
47: 88.29156353135313 89.08828382838284 80.98 79.44
48: 88.50814768976898 88.8691212871287 81.06 81.3
49: 88.68089933993399 89.19915429042905 81.52 82.12
