lr: 0.001 | epochs for training: 50 | epoch start to decay: 30 | updated noise rate: 0.05916238517826555 
0: 49.283423013245034 50.51479718543046 49.769764072847686 37.64 43.6 44.03
1: 57.48137417218543 55.98613410596027 57.398592715231786 52.26 51.2 53.62
2: 58.06343129139073 56.534561258278146 57.010554635761586 56.99 51.66 54.87
3: 61.93346440397351 56.98468543046358 60.81332781456954 59.92 57.56 59.21
4: 62.64228062913907 62.29304635761589 63.62789735099338 59.4 57.78 61.6
5: 64.78425082781457 63.16483857615894 66.05442880794702 62.02 61.52 62.49
6: 65.19298427152317 66.33122930463576 66.73737582781457 63.71 62.72 63.18
7: 65.27835264900662 65.46202400662251 66.01821192052981 63.1 61.62 63.15
8: 65.19815811258277 63.84778559602649 68.57926324503312 64.27 63.31 64.76
9: 65.91732201986756 65.29646109271523 67.22371688741723 66.49 63.17 67.53
10: 68.06963990066225 64.59540562913908 69.24151490066225 68.06 64.73 68.47
11: 69.97878725165563 67.01935016556291 71.70167632450331 67.36 66.58 68.65
12: 70.97475165562913 69.85978890728477 71.0885761589404 68.93 66.95 70.08
13: 71.70943708609272 69.85202814569537 72.38203642384106 63.38 66.24 65.34
14: 69.04490894039735 70.1236548013245 68.20933360927152 70.88 69.57 70.08
15: 75.1888451986755 74.32998758278146 74.87324089403974 71.2 70.67 71.93
16: 73.83071192052981 74.64559188741723 75.5898178807947 70.51 70.28 71.4
17: 73.79190811258277 73.76603890728477 75.3802773178808 69.39 69.2 70.03
18: 71.33433360927152 73.35213162251655 72.19319122516556 70.73 70.46 70.47
19: 75.27421357615894 76.07357201986756 75.51221026490066 70.83 70.78 70.5
20: 75.82005380794702 74.97671771523179 74.64559188741723 73.84 73.42 73.56
21: 78.67084023178808 77.86113410596026 78.81570778145695 73.81 71.23 71.95
22: 76.52628311258277 75.94422599337749 76.04770281456953 72.3 71.51 74.36
23: 75.03880380794702 75.50186258278146 77.19370860927152 71.38 70.22 71.94
24: 77.30235927152317 74.83702400662251 77.29718543046357 74.29 71.39 73.21
25: 79.15459437086092 76.14341887417218 77.64900662251655 73.23 71.24 72.4
26: 74.57574503311258 72.8450951986755 73.73499586092716 73.6 72.65 72.72
27: 79.20374586092716 78.15086920529801 79.21150662251655 73.62 73.35 72.47
28: 77.57657284768212 77.01262417218543 74.2342715231788 73.45 73.85 72.76
29: 78.6967094370861 79.13131208609272 77.7292011589404 73.6 73.15 73.58
30: 81.59664735099338 81.03011175496688 80.73520281456953 53.47 57.71 32.04
31: 80.4842715231788 80.57481374172185 77.62055049668874 62.03 55.3 49.49
32: 81.10513245033113 79.72630380794702 79.35120033112582 63.15 55.65 44.12
33: 81.95622930463576 81.0482201986755 79.91514900662251 42.1 24.96 43.47
34: 80.72226821192054 79.43398178807946 79.21409354304636 48.12 48.63 55.92
35: 81.09737168874172 80.71709437086092 80.41701158940397 43.54 67.18 52.84
36: 81.78807947019868 81.89931705298014 80.77400662251655 35.91 49.31 51.2
37: 80.24627483443709 80.54377069536424 79.81684602649007 51.47 41.67 63.85
38: 81.14652317880795 79.81943294701986 81.09995860927152 61.98 59.97 63.93
39: 81.94846854304636 80.77400662251655 81.66390728476821 53.27 64.96 69.54
40: 82.0157284768212 82.16318294701986 82.85130380794702 65.45 55.99 59.31
41: 82.55898178807946 81.8294701986755 81.97692466887418 64.38 62.92 66.82
42: 82.91597682119205 82.00020695364239 82.98064983443709 67.6 73.13 66.4
43: 82.64693708609272 82.97030215231788 82.47102649006622 66.83 70.67 72.89
44: 82.39341887417218 82.69350165562913 83.27038493377484 74.65 77.83 76.87
45: 83.41783940397352 83.90935430463576 83.89641970198676 77.19 76.27 77.93
46: 84.47330298013244 84.20685016556291 84.61558360927152 74.18 74.63 74.61
47: 83.74896523178808 83.68687913907284 83.64807533112582 77.93 78.13 78.25
48: 84.69060430463576 84.58971440397352 84.73199503311258 78.19 77.64 77.81
49: 84.91825331125828 84.7759726821192 84.60006208609272 78.58 78.69 78.86
