lr: 0.001 | epochs for training: 50 | epoch start to decay: 30 | updated noise rate: 0.058815898713158954 
0: 49.327400662251655 49.11786009933775 51.7 49.13
1: 58.93263658940398 57.75558774834437 51.07 49.34
2: 60.1588369205298 62.34478476821192 53.25 59.11
3: 62.75869205298013 66.19153559602648 59.51 62.8
4: 67.50827814569537 69.26221026490066 60.99 58.76
5: 68.9543667218543 68.88969370860927 63.89 62.15
6: 68.90521523178808 67.70488410596026 63.84 65.96
7: 73.30815397350993 71.55422185430463 67.11 66.58
8: 73.53321605960265 72.6355546357616 71.2 66.4
9: 74.24203228476821 73.54615066225166 72.44 71.26
10: 74.97671771523179 75.62862168874172 72.93 71.4
11: 78.7199917218543 78.37334437086092 71.05 72.1
12: 75.15521523178808 75.26903973509934 70.93 70.5
13: 77.80680877483444 76.70736754966887 74.34 72.86
14: 78.68894867549669 78.62944950331126 74.68 73.8
15: 78.5052773178808 78.12758692052981 74.89 74.98
16: 79.55556705298014 79.97464817880795 75.99 76.67
17: 81.26293460264901 81.99762003311258 77.06 76.65
18: 82.63400248344371 82.89010761589404 77.87 77.42
19: 81.52162665562913 81.07667632450331 78.03 77.42
20: 82.82543460264901 82.2330298013245 76.52 74.42
21: 82.66245860927152 82.8073261589404 76.69 77.69
22: 82.10109685430463 82.83836920529801 77.32 79.37
23: 84.07750413907284 83.76189983443709 79.03 79.31
24: 83.8032905629139 83.80587748344371 79.78 78.8
25: 84.15511175496688 84.22495860927152 79.69 80.11
26: 85.02690397350993 85.09675082781457 78.93 79.7
27: 84.73199503311258 85.27783526490066 80.11 80.36
28: 83.5885761589404 84.7863203642384 81.33 81.39
29: 86.99037665562913 87.34995860927152 80.64 80.83
30: 87.71471440397352 87.80266970198676 76.16 18.09
31: 88.00444950331126 86.3074296357616 70.03 80.63
32: 88.19070778145695 88.17777317880795 48.94 76.2
33: 88.04584023178808 88.54770281456953 56.71 61.76
34: 88.31229304635761 88.14155629139073 32.47 65.98
35: 87.26200331125828 88.56063741721854 61.58 76.5
36: 88.2915976821192 89.28497516556291 70.55 73.12
37: 89.39362582781457 89.48675496688742 70.77 58.82
38: 89.60057947019868 89.31601821192054 78.76 76.58
39: 90.50858857615894 90.35596026490066 75.93 70.86
40: 90.52411009933775 90.50600165562913 83.89 83.37
41: 90.83971440397352 91.17601407284768 80.61 70.24
42: 91.06995033112582 90.58619619205298 71.99 73.89
43: 90.55774006622516 90.27317880794702 78.01 74.99
44: 91.2096440397351 90.78280215231788 77.09 80.45
45: 90.98199503311258 90.78021523178808 83.04 82.75
46: 91.78911423841059 91.86154801324503 83.34 82.83
47: 92.09178394039735 91.78911423841059 83.14 83.19
48: 92.04004552980132 92.20560844370861 82.87 83.47
49: 91.93656870860927 92.1668046357616 83.92 83.68
