lr: 0.001 | epochs for training: 50 | epoch start to decay: 30 | updated noise rate: 0.20009828009828012 
0: 43.447265625 45.546875 38.89 42.13
1: 59.091796875 60.05859375 48.98 48.03
2: 66.259765625 66.30859375 51.49 50.37
3: 69.658203125 70.0 49.0 51.03
4: 71.376953125 71.34765625 54.59 54.26
5: 72.705078125 72.451171875 55.67 55.08
6: 73.0078125 73.251953125 53.89 54.87
7: 74.51171875 74.052734375 56.63 56.33
8: 74.228515625 74.404296875 54.23 54.62
9: 74.501953125 75.3125 56.83 57.29
10: 75.234375 75.107421875 55.69 56.58
11: 75.15625 75.712890625 57.76 57.98
12: 76.34765625 76.005859375 58.05 58.96
13: 76.298828125 76.73828125 58.07 59.37
14: 77.3828125 77.265625 59.22 57.32
15: 76.89453125 77.08984375 58.63 58.16
16: 76.38671875 76.81640625 58.15 58.69
17: 77.646484375 78.134765625 57.71 58.81
18: 78.095703125 77.734375 58.79 59.46
19: 78.59375 79.2578125 59.6 58.72
20: 78.8671875 78.9453125 59.26 57.95
21: 78.53515625 78.876953125 59.03 59.81
22: 78.8671875 78.447265625 59.87 59.8
23: 78.544921875 78.857421875 59.7 59.6
24: 79.04296875 79.033203125 60.04 59.38
25: 79.638671875 79.19921875 60.07 59.8
26: 79.453125 79.638671875 60.1 59.73
27: 78.779296875 78.88671875 59.44 58.55
28: 79.755859375 80.05859375 59.44 59.81
29: 79.5703125 79.58984375 60.0 59.91
30: 80.556640625 79.98046875 54.71 53.85
31: 79.951171875 79.677734375 59.45 55.73
32: 80.498046875 80.322265625 57.05 58.37
33: 80.87890625 80.595703125 60.21 60.24
34: 81.201171875 81.26953125 60.0 61.19
35: 81.552734375 81.328125 54.81 56.15
36: 81.240234375 81.259765625 60.32 60.6
37: 81.26953125 81.85546875 59.61 57.2
38: 82.2265625 82.216796875 59.07 55.9
39: 82.783203125 81.9921875 59.16 59.41
40: 82.646484375 82.333984375 61.28 61.74
41: 82.59765625 82.578125 61.73 61.72
42: 83.26171875 82.861328125 60.84 61.66
43: 83.271484375 83.45703125 61.2 62.05
44: 83.173828125 83.583984375 62.18 62.14
45: 84.0234375 83.779296875 62.19 62.04
46: 83.681640625 83.92578125 61.76 62.27
47: 84.1796875 84.31640625 61.87 62.02
48: 84.35546875 84.091796875 62.16 62.34
49: 84.677734375 84.296875 62.54 62.53
