lr: 0.001 | epochs for training: 50 | epoch start to decay: 30 | updated noise rate: 0.059338319310273224 
0: 49.05523255813954 48.126038205980066 48.40635382059801 53.59 51.44 51.99
1: 63.49408222591362 62.88413621262458 62.84520348837209 59.9 56.13 59.65
2: 69.21459717607974 69.01214700996678 68.8953488372093 64.02 64.36 62.03
3: 73.21428571428571 73.3155107973422 72.72632890365449 68.32 67.39 68.88
4: 76.08232973421927 76.7312084717608 76.03561046511628 72.66 72.18 72.44
5: 78.15355066445183 78.2937084717608 78.0030107973422 74.04 75.51 75.04
6: 80.34935631229236 80.46875 80.22736710963456 75.61 76.38 75.81
7: 81.82101328903654 81.85215946843854 81.59260797342192 76.03 76.94 76.22
8: 82.53997093023256 82.95265780730897 82.65676910299004 75.94 76.44 76.82
9: 83.80139119601328 83.94154900332227 83.63268272425249 76.39 76.1 76.91
10: 84.29194352159469 84.62157392026577 84.2140780730897 78.68 78.78 77.6
11: 85.27564368770764 85.41061046511628 85.41320598006645 78.12 77.75 79.41
12: 86.08803986710963 86.07765780730897 85.78696013289037 79.73 80.01 80.06
13: 86.56821013289037 86.76287375415282 86.37095099667773 80.38 81.14 80.4
14: 87.25083056478405 87.20411129568106 87.31052740863787 81.41 80.69 80.0
15: 87.45587624584718 87.61160714285714 87.5077865448505 81.5 82.31 80.97
16: 88.327969269103 88.43957641196013 88.14628322259136 81.95 81.63 81.67
17: 88.4811046511628 88.54339700996678 88.44476744186046 81.39 81.69 81.99
18: 88.99242109634551 88.69912790697674 88.9171511627907 82.32 82.4 81.93
19: 89.16891611295681 89.22601744186046 89.15074750830564 82.23 81.24 82.77
20: 89.65687292358804 89.60755813953489 89.80741279069767 82.35 82.61 82.49
21: 89.94757059800665 89.94237956810632 90.10849252491694 82.21 82.26 81.74
22: 90.23307724252491 90.20971760797342 90.14482973421927 83.33 82.92 82.43
23: 90.34727990033223 90.3187292358804 90.58347176079734 83.55 83.3 83.76
24: 90.70805647840531 90.7547757475083 90.9001245847176 82.57 82.64 83.22
25: 90.97020348837209 91.0013496677741 90.75996677740864 82.94 83.14 83.05
26: 90.97279900332227 91.32838455149502 91.17784468438538 82.44 82.97 83.47
27: 91.38548588039868 91.41144102990033 91.5593853820598 83.76 83.39 82.55
28: 91.69435215946844 91.79817275747509 91.54640780730897 83.77 83.68 83.54
29: 91.76183554817275 91.81893687707641 91.87603820598007 83.16 83.43 83.7
30: 91.85008305647841 91.8578696013289 91.81634136212625 83.55 84.0 83.64
31: 92.16933139534883 92.22383720930233 92.32506229235881 83.71 83.02 84.36
32: 92.72217607973423 92.69881644518273 92.6624792358804 83.33 83.29 82.35
33: 92.75851328903654 92.77149086378738 92.75591777408638 84.02 83.19 84.08
34: 93.00508720930233 93.04142441860465 93.22311046511628 84.89 84.95 84.29
35: 93.49044850498339 93.61762873754152 93.3970099667774 84.02 83.86 84.25
36: 93.7577865448505 94.0562707641196 93.69030315614619 85.38 84.61 84.28
37: 94.03810215946844 94.03031561461793 94.11596760797342 85.23 85.32 84.63
38: 94.21200166112956 94.22757475083057 94.31582225913621 85.56 84.55 84.96
39: 94.56239617940199 94.47414867109634 94.3781146179402 84.99 85.2 84.94
40: 94.71034053156146 94.82194767441861 94.68698089700996 85.35 85.23 84.76
41: 94.78820598006645 94.86866694352159 94.82194767441861 85.2 84.99 84.92
42: 95.18791528239203 95.13081395348837 95.07890365448505 85.67 85.37 85.67
43: 95.35402823920266 95.25020764119601 95.41112956810632 85.43 85.04 85.64
44: 95.45006229235881 95.50456810631229 95.52792774086379 85.65 85.58 85.65
45: 95.6343438538206 95.6343438538206 95.74335548172758 85.46 85.87 85.56
46: 95.81343438538207 95.83938953488372 95.75633305647841 85.89 85.88 86.05
47: 96.14825581395348 96.11970514950166 96.07298588039868 85.82 86.0 85.66
48: 96.11451411960132 96.06779485049834 96.07558139534883 86.05 86.2 85.85
49: 96.16123338870432 96.27284053156146 96.20276162790698 85.95 86.11 86.14
