lr: 0.001 | epochs for training: 50 | epoch start to decay: 30 | updated noise rate: 0.20209742232676664 
0: 44.78515625 43.212890625 43.310546875 43.12 41.67 41.96
1: 58.740234375 58.45703125 58.515625 47.91 45.15 45.86
2: 65.56640625 65.60546875 65.0 51.53 46.91 48.99
3: 68.876953125 68.02734375 68.505859375 53.81 52.13 53.31
4: 71.71875 71.5625 71.38671875 53.99 53.24 53.74
5: 72.40234375 72.880859375 72.0703125 54.86 54.63 53.03
6: 73.0859375 73.779296875 72.7734375 55.39 55.97 54.96
7: 74.296875 73.759765625 73.935546875 56.31 56.68 56.63
8: 75.0390625 74.1015625 74.951171875 56.62 56.32 56.74
9: 74.7265625 74.580078125 74.541015625 56.49 56.85 56.67
10: 74.736328125 74.970703125 75.078125 56.33 56.5 56.89
11: 75.283203125 75.91796875 75.439453125 56.16 57.51 56.13
12: 75.791015625 76.201171875 76.34765625 57.52 56.64 56.87
13: 76.69921875 77.255859375 76.5625 56.6 57.84 56.7
14: 77.275390625 77.6171875 76.865234375 58.18 58.16 58.56
15: 77.041015625 77.236328125 77.48046875 57.81 57.5 58.73
16: 77.94921875 78.076171875 77.822265625 59.27 59.39 59.2
17: 78.037109375 77.470703125 76.982421875 59.04 58.54 58.08
18: 78.623046875 78.59375 78.203125 58.25 58.01 58.71
19: 78.125 78.115234375 78.4765625 58.02 58.79 58.83
20: 78.916015625 78.916015625 78.4765625 58.96 58.43 59.31
21: 78.486328125 78.857421875 78.61328125 59.63 58.92 59.15
22: 79.4921875 79.00390625 78.896484375 59.39 58.7 58.73
23: 79.150390625 79.111328125 79.140625 58.69 59.39 59.72
24: 79.130859375 79.384765625 79.423828125 59.34 59.03 59.33
25: 79.70703125 79.1796875 79.55078125 59.2 58.63 58.32
26: 78.92578125 78.798828125 79.150390625 59.21 59.46 59.73
27: 80.224609375 80.048828125 80.068359375 60.12 59.51 60.29
28: 80.60546875 79.94140625 80.380859375 60.77 59.83 60.26
29: 80.341796875 80.205078125 79.98046875 59.66 60.01 59.22
30: 79.98046875 80.185546875 80.029296875 59.81 60.21 57.81
31: 80.322265625 80.29296875 80.107421875 60.65 57.63 58.51
32: 80.595703125 80.947265625 81.015625 59.02 60.09 59.37
33: 80.91796875 81.103515625 80.78125 59.92 60.74 59.1
34: 80.9375 80.869140625 81.15234375 59.78 61.04 61.3
35: 81.69921875 81.513671875 81.611328125 61.09 60.82 59.45
36: 81.552734375 81.875 81.81640625 60.03 59.84 60.03
37: 82.03125 81.806640625 82.1875 61.27 60.66 60.19
38: 82.421875 82.353515625 82.158203125 61.07 61.41 60.23
39: 82.353515625 82.3046875 82.607421875 61.06 61.18 60.25
40: 82.890625 82.958984375 83.056640625 61.87 60.86 61.28
41: 82.646484375 82.861328125 82.8515625 61.91 62.31 61.47
42: 83.310546875 83.876953125 83.466796875 61.67 61.47 61.43
43: 83.857421875 83.57421875 83.14453125 62.42 62.08 61.78
44: 84.1796875 83.76953125 83.740234375 62.12 62.01 61.78
45: 83.88671875 83.5546875 83.80859375 62.28 62.47 61.78
46: 84.5703125 83.9453125 84.23828125 62.91 62.46 62.6
47: 84.365234375 84.39453125 84.51171875 62.64 62.9 62.56
48: 84.31640625 84.326171875 84.521484375 62.46 62.77 62.7
49: 84.638671875 84.84375 84.6875 62.5 62.36 62.6
