lr: 0.001 | epochs for training: 50 | epoch start to decay: 30 | updated noise rate: 0.02124281026147712 
0: 43.602195945945944 43.707770270270274 43.85557432432432 51.2 52.06 52.08
1: 59.8536036036036 59.75154842342342 60.14217342342342 60.77 60.87 58.67
2: 67.74000563063063 67.32122747747748 67.40920608108108 66.27 65.64 65.41
3: 73.03631756756756 72.02280405405405 71.91371058558559 67.46 68.69 67.43
4: 76.63640202702703 75.21818693693693 75.47156531531532 72.7 71.91 72.68
5: 79.5361768018018 78.90625 78.62471846846847 75.46 71.96 74.08
6: 81.58079954954955 80.7960304054054 80.63766891891892 76.58 75.05 76.18
7: 82.97086148648648 82.78082770270271 82.7491554054054 77.08 76.01 77.87
8: 84.37851914414415 83.81193693693693 83.95622184684684 78.15 79.26 78.6
9: 85.99380630630631 85.36739864864865 85.33924549549549 79.05 78.78 77.85
10: 86.743384009009 86.32460585585585 85.86359797297297 79.85 79.59 78.42
11: 87.78856981981981 86.97916666666667 87.35923423423424 80.36 80.39 80.91
12: 88.17919481981981 87.73578265765765 87.82024211711712 80.7 80.66 81.01
13: 88.78800675675676 88.32347972972973 88.57685810810811 81.95 81.54 81.56
14: 89.43201013513513 89.48479729729729 89.30884009009009 80.93 81.99 81.29
15: 89.85782657657657 89.51295045045045 89.90005630630631 82.86 81.55 82.23
16: 90.35050675675676 90.1076858108108 90.09360923423424 83.02 82.72 83.28
17: 90.98395270270271 90.50182995495496 90.4490427927928 83.17 82.08 82.71
18: 91.1669481981982 90.89597409909909 90.93820382882883 82.99 82.67 83.0
19: 91.65962837837837 91.63851351351352 91.48719031531532 83.28 82.65 83.09
20: 91.95523648648648 91.98690878378379 91.72649211711712 83.29 83.19 83.67
21: 91.93764076576576 91.90596846846847 91.83558558558559 83.99 83.29 84.03
22: 92.65906531531532 92.52533783783784 92.50422297297297 83.83 83.41 83.82
23: 92.85613738738739 92.37753378378379 92.5147804054054 83.74 83.96 83.51
24: 92.92300112612612 92.96523085585585 92.93355855855856 83.68 83.87 84.69
25: 93.0954391891892 93.13766891891892 93.00394144144144 84.16 84.33 84.58
26: 93.30658783783784 93.33826013513513 93.23972409909909 84.01 84.3 84.49
27: 93.725365990991 93.69721283783784 93.66905968468468 85.53 84.91 85.07
28: 93.55292792792793 93.63738738738739 93.78519144144144 84.19 83.83 84.2
29: 94.0526463963964 94.14414414414415 94.28842905405405 84.6 85.06 84.63
30: 94.12302927927928 94.10543355855856 94.08783783783784 76.57 78.69 81.25
31: 94.34121621621621 94.20045045045045 94.39400337837837 83.46 84.17 80.79
32: 94.99929617117117 94.56644144144144 94.86204954954955 83.92 83.58 83.13
33: 94.96762387387388 94.89020270270271 95.15413851351352 85.21 80.9 78.02
34: 95.53772522522523 95.23155968468468 95.11190878378379 84.31 85.22 83.5
35: 95.38992117117117 95.76998873873873 95.59051238738739 72.42 77.53 76.34
36: 95.65385698198199 95.6151463963964 95.65033783783784 82.3 82.74 85.2
37: 96.11486486486487 96.15005630630631 96.10430743243244 85.24 86.01 85.85
38: 96.34009009009009 96.50197072072072 96.56179617117117 85.42 85.64 85.91
39: 96.82221283783784 96.6990427927928 96.66385135135135 83.71 86.27 86.36
40: 96.78350225225225 96.98761261261261 96.9383445945946 86.46 85.88 85.97
41: 97.18116554054055 96.99817004504504 97.26914414414415 85.43 86.32 86.14
42: 97.32193130630631 97.38175675675676 97.21987612612612 86.67 86.61 85.97
43: 97.62105855855856 97.54363738738739 97.36416103603604 86.59 87.03 85.79
44: 97.67736486486487 97.53659909909909 97.58938626126127 86.68 86.61 87.21
45: 97.7442286036036 97.69847972972973 97.84276463963964 86.89 86.76 86.76
46: 97.8709177927928 97.76886261261261 97.94481981981981 87.24 87.27 87.05
47: 97.96945382882883 98.06095157657657 98.14541103603604 87.44 87.05 87.23
48: 98.27561936936937 98.1735641891892 98.13837274774775 87.33 87.07 87.41
49: 98.22635135135135 98.11373873873873 98.08910472972973 87.19 87.46 87.66
