lr: 0.001 | epochs for training: 50 | epoch start to decay: 30 | updated noise rate: 0.19810000000000005 
0: 42.551150895140665 42.261429028132994 49.77 49.37
1: 53.86029411764706 53.76238810741688 58.6 57.52
2: 57.64865728900256 57.52877237851662 62.84 63.08
3: 60.36405051150895 60.561860613810744 65.23 65.77
4: 61.97250639386189 62.16032608695652 67.91 69.55
5: 63.33919437340153 63.37116368286445 67.59 69.28
6: 64.54403772378517 64.7138746803069 70.14 69.69
7: 65.16144501278772 65.47714194373401 72.67 73.51
8: 66.19045716112532 66.24640345268543 71.41 70.91
9: 66.64402173913044 66.59007352941177 74.78 74.47
10: 67.43925831202046 67.46323529411765 77.2 76.75
11: 68.09063299232737 68.12460038363172 75.6 76.61
12: 68.29443734015345 68.66008631713555 78.7 78.21
13: 69.21155690537084 69.1096547314578 78.54 77.47
14: 69.36940537084399 69.55722506393862 78.75 78.25
15: 69.97482416879795 69.98881074168798 77.65 77.72
16: 70.41040601023018 70.43238491048594 80.76 80.23
17: 70.81601662404093 70.78604539641944 79.03 78.46
18: 71.00183823529412 70.9878516624041 79.79 79.65
19: 71.52933184143222 71.44940856777494 79.31 79.49
20: 71.95492327365729 71.7451246803069 80.83 82.08
21: 72.02685421994885 72.3585358056266 80.91 81.18
22: 72.3345588235294 72.24464514066496 82.2 81.97
23: 72.8800351662404 72.81210038363172 82.63 82.4
24: 73.16176470588235 73.11780690537084 82.78 82.53
25: 73.43350383631713 73.32760549872123 82.44 83.55
26: 73.56337915601023 73.75319693094629 82.76 82.71
27: 73.93502237851662 73.88906649616368 81.96 82.69
28: 74.09886508951406 74.01694373401534 83.69 83.14
29: 74.55642583120205 74.22874040920716 83.49 83.82
30: 74.45052749360613 74.47650255754476 81.43 82.4
31: 74.90409207161126 74.8701246803069 83.69 83.78
32: 75.25775255754476 75.31170076726343 83.93 82.49
33: 75.5954283887468 75.66935741687979 83.66 83.34
34: 75.8871483375959 75.91711956521739 84.34 83.61
35: 76.26678388746804 76.252797314578 84.71 84.58
36: 76.52054028132993 76.55450767263427 84.31 85.16
37: 76.79627557544757 76.93614130434783 84.2 85.73
38: 77.0020780051151 77.07201086956522 85.08 85.4
39: 77.44765025575448 77.42766943734016 84.35 85.15
40: 77.73737212276215 77.79931265984655 83.97 85.01
41: 77.9511668797954 78.00511508951406 84.82 85.04
42: 78.30282928388746 78.23489450127877 85.54 85.33
43: 78.51462595907928 78.49264705882354 85.57 85.19
44: 78.8622921994885 78.94621163682865 85.41 85.69
45: 78.96019820971867 78.87228260869566 85.55 85.72
46: 79.18598145780051 79.2479219948849 85.81 85.61
47: 79.2599104859335 79.42774936061382 85.72 86.3
48: 79.61556905370844 79.51966112531969 85.56 85.34
49: 79.73545396419438 79.72146739130434 85.64 85.69
