lr: 0.001 | epochs for training: 50 | epoch start to decay: 30 | updated noise rate: 0.7187399999999999 
0: 12.008471867007673 11.888586956521738 23.86 27.4
1: 12.74376598465473 12.919597186700766 26.39 26.21
2: 13.243286445012787 13.457081202046036 30.92 30.19
3: 13.401134910485933 13.33519820971867 31.01 30.29
4: 13.233296035805626 13.391144501278772 33.34 32.66
5: 13.53300831202046 13.65089514066496 21.99 29.91
6: 13.6409047314578 13.786764705882353 32.59 32.94
7: 13.976582480818415 13.996563299232736 32.63 30.02
8: 13.42511189258312 13.646898976982097 30.5 29.97
9: 13.393142583120204 13.461077365728901 31.58 30.98
10: 13.882672634271099 13.778772378516624 27.04 26.46
11: 14.092471227621484 14.04451726342711 32.51 32.42
12: 14.454124040920716 14.36820652173913 29.46 31.11
13: 14.613970588235293 14.454124040920716 34.09 33.18
14: 14.693893861892583 14.759830562659847 34.11 34.07
15: 14.633951406649617 14.611972506393862 34.32 34.41
16: 14.895700127877237 14.851742327365729 35.69 35.98
17: 15.11349104859335 14.963634910485933 34.49 34.61
18: 14.963634910485933 15.015585038363172 34.58 34.72
19: 15.115489130434783 15.279331841432224 35.88 36.5
20: 15.071531329923273 15.251358695652174 37.53 37.48
21: 15.321291560102301 15.46315537084399 36.95 37.39
22: 15.686940537084398 15.718909846547314 38.12 36.72
23: 15.670955882352942 15.611013427109974 38.25 38.15
24: 15.878756393861893 15.76886189258312 38.02 38.57
25: 16.03660485933504 15.942695012787723 38.05 38.81
26: 16.01062979539642 16.052589514066497 39.2 38.23
27: 16.058583759590793 15.990648976982097 39.01 39.31
28: 16.240409207161125 16.40625 39.58 39.44
29: 16.340313299232736 16.398257672634273 41.24 40.56
30: 16.36828644501279 16.36828644501279 39.12 38.96
31: 16.47018861892583 16.5241368286445 42.7 42.44
32: 16.538123401534527 16.55810421994885 42.55 42.84
33: 16.797874040920718 16.845828005115088 42.07 42.4
34: 16.883791560102303 16.959718670076725 43.42 42.59
35: 17.001678388746804 16.98968989769821 44.26 43.99
36: 17.233455882352942 17.157528772378516 42.79 43.49
37: 17.255434782608695 17.173513427109974 44.62 44.65
38: 17.307384910485933 17.391304347826086 44.21 43.16
39: 17.455242966751918 17.407289002557544 44.89 44.82
40: 17.47522378516624 17.479219948849106 44.23 44.5
41: 17.551150895140665 17.499200767263428 43.92 43.81
42: 17.776934143222505 17.79891304347826 45.19 44.72
43: 17.836876598465473 17.846867007672635 45.15 45.12
44: 18.0306905370844 18.12260230179028 45.3 44.98
45: 18.098625319693095 18.034686700767264 45.64 46.16
46: 17.992726982097185 18.072650255754475 46.39 46.25
47: 18.144581202046037 18.026694373401533 46.53 46.32
48: 18.206521739130434 18.328404731457802 46.21 46.33
49: 18.204523657289002 18.36437020460358 46.63 46.22
