lr: 0.001 | epochs for training: 50 | epoch start to decay: 30 | updated noise rate: 0.02043841999364604 
0: 44.65442004504504 45.54828265765766 53.0 50.36
1: 60.59614301801802 60.31109234234234 61.79 61.13
2: 68.50365990990991 67.72592905405405 65.28 64.77
3: 73.68384009009009 72.46269707207207 70.44 71.22
4: 76.79124436936937 76.14372184684684 72.89 73.81
5: 79.4481981981982 78.49451013513513 74.41 74.29
6: 81.66877815315316 81.07756193693693 76.62 76.72
7: 82.89344031531532 83.03772522522523 77.93 77.99
8: 84.39259572072072 84.03364301801801 79.25 77.61
9: 85.8108108108108 85.01548423423424 77.87 78.05
10: 86.31052927927928 85.962134009009 80.22 78.74
11: 86.8067286036036 86.96157094594595 79.87 80.29
12: 87.88710585585585 87.6759572072072 80.84 81.29
13: 88.62964527027027 88.01379504504504 79.94 80.67
14: 89.5164695945946 88.93932995495496 81.68 82.17
15: 89.02027027027027 89.52702702702703 82.55 82.17
16: 89.73113738738739 89.60092905405405 82.28 82.46
17: 90.62148085585585 90.72353603603604 82.92 81.9
18: 90.68482545045045 90.41385135135135 83.66 82.96
19: 91.46607545045045 91.48719031531532 83.37 82.02
20: 91.5329391891892 91.11064189189189 82.06 82.92
21: 91.89189189189189 92.01506193693693 83.72 82.97
22: 91.95171734234235 91.81447072072072 83.29 83.25
23: 91.99746621621621 92.19453828828829 83.44 83.56
24: 92.70833333333333 92.72592905405405 84.16 83.36
25: 92.79631193693693 92.50422297297297 84.19 83.94
26: 92.84909909909909 92.91596283783784 84.3 84.08
27: 93.24676238738739 93.37697072072072 84.27 84.08
28: 93.28195382882883 93.4860641891892 84.62 84.33
29: 93.6620213963964 93.09192004504504 84.47 84.54
30: 93.8766891891892 94.16877815315316 73.11 74.12
31: 93.65146396396396 93.8379786036036 77.59 80.91
32: 94.53476914414415 94.53476914414415 83.31 82.6
33: 94.89372184684684 95.01337274774775 85.18 79.97
34: 95.27027027027027 95.08375563063063 79.18 76.08
35: 95.17525337837837 95.05560247747748 82.73 83.34
36: 95.82629504504504 95.86500563063063 85.43 84.66
37: 96.21340090090091 95.90371621621621 83.19 78.75
38: 96.24859234234235 96.06559684684684 84.43 85.14
39: 96.40343468468468 96.46326013513513 86.14 86.08
40: 96.80461711711712 96.8116554054054 85.01 83.18
41: 96.97705518018019 96.94186373873873 83.92 86.44
42: 96.95945945945945 97.20579954954955 85.14 85.03
43: 97.11782094594595 97.36768018018019 86.1 86.88
44: 97.49788851351352 97.55419481981981 86.63 85.78
45: 97.69847972972973 97.631615990991 84.48 86.32
46: 97.44862049549549 97.64569256756756 86.72 86.71
47: 97.9835304054054 97.94833896396396 86.68 86.67
48: 98.08558558558559 98.03983671171171 87.16 86.91
49: 98.09966216216216 98.09966216216216 87.07 87.19
